%YAML:1.0
---
model_type: PINHOLE
camera_name: camera
image_width: 640
image_height: 480
distortion_parameters:
   k1: 0.0
   k2: 0.0
   p1: 0.0
   p2: 0.0
projection_parameters:
   fx: 385.13140869140625
   fy: 385.13140869140625
   cx: 321.1036376953125
   cy: 238.68301391601562
